%YAML:1.0
CM1: !!opencv-matrix
   rows: 3
   cols: 3
   dt: d
   data: [ 721.5377, 0., 609.5593, 0.,
       721.5377,  172.8540, 0., 0., 1. ]
CM2: !!opencv-matrix
   rows: 3
   cols: 3
   dt: d
   data: [ 721.5377, 0., 609.5593, 0.,
       721.5377,  172.8540, 0., 0., 1. ]
D1: !!opencv-matrix
   rows: 5
   cols: 1
   dt: d
   data: [ 0., 0.,
       0., 0.,
       0. ]
D2: !!opencv-matrix
   rows: 5
   cols: 1
   dt: d
   data: [ 0., 0.,
       0., 0.,
       0. ]
R: !!opencv-matrix
   rows: 3
   cols: 3
   dt: d
   data: [ 1., 0.,
       0., 0.,
       1., 0.,
       0., 0.,
       1. ]
T: !!opencv-matrix
   rows: 3
   cols: 1
   dt: d
   data: [ -5.370000e-01, 0, 0 ]
E: !!opencv-matrix
   rows: 3
   cols: 3
   dt: d
   data: [ -1.1803663942696338e-002, -1.4917743061906112e+000,
       -7.5122144256980744e-002, 1.4996969772178215e+000,
       2.5012726454839679e-002, -1.7301824521022200e+000,
       5.7093566241322467e-002, 1.7352669651468577e+000,
       3.7313135484712122e-002 ]
F: !!opencv-matrix
   rows: 3
   cols: 3
   dt: d
   data: [ 0., 0.,
       0., 0.,
       0., 1.,
       0., -1., 0. ]
R1: !!opencv-matrix
   rows: 3
   cols: 3
   dt: d
   data: [ 7.5535056198207340e-001, -3.8918839352254923e-002,
       6.5416423966526882e-001, 3.2878781757872726e-002,
       9.9922842261144607e-001, 2.1483602015478682e-002,
       -6.5449561818509083e-001, 5.2804724139681059e-003,
       7.5604735459334904e-001 ]
R2: !!opencv-matrix
   rows: 3
   cols: 3
   dt: d
   data: [ 7.5803601134699850e-001, -1.8853132655771480e-002,
       6.5194015437783626e-001, 2.4865602391451462e-002,
       9.9969080310401981e-001, -2.6363322920153892e-006,
       -6.5173852680261557e-001, 1.6212883096595996e-002,
       7.5827042346570039e-001 ]
P1: !!opencv-matrix
   rows: 3
   cols: 4
   dt: d
   data: [ 721.5377, 0., 609.5593, 0., 0.,
       721.5377, 172.8540, 0., 0., 0., 1.,
       0. ]
P2: !!opencv-matrix
   rows: 3
   cols: 4
   dt: d
   data: [ 721.5377, 0., 609.5593, -387.5744, 0.,
       721.5377, 172.8540, 0., 0., 0., 1.,
       0. ]
Q: !!opencv-matrix
   rows: 4
   cols: 4
   dt: d
   data: [ 1., 0., 0., 8.2266247558593750e+002, 0., 1., 0.,
       -2.7330636596679687e+002, 0., 0., 0., 1.1991036784535818e+003, 0.,
       0., -4.3663908107044563e-001, 0. ]
